  #  t0=   3.40000010       tn=   3.79999995        n=          10
  #  i            t           fun0
     0      0.3400000E+01  0.1124597E+00
     1      0.3440000E+01  0.9856632E-01
     2      0.3480000E+01  0.1083328E+00
     3      0.3520000E+01  0.1146707E+00
     4      0.3560000E+01  0.1141578E+00
     5      0.3600000E+01  0.1013436E+00
     6      0.3640000E+01  0.1353844E+00
     7      0.3680000E+01  0.9071933E-01
     8      0.3720000E+01  0.0000000E+00
     9      0.3760000E+01  0.0000000E+00
    10      0.3800000E+01  0.0000000E+00
