    10.896784520000001       -17.986684100000002                                                     
    4.8570126499999997       -8.8238294800000006                                                     
    17.146931970000001       -10.181927999999999                                                     
    21.006046710000000       -8.1827537199999991                                                     
    27.865044160000000       -10.334945260000000                                                     
    26.021364410000000       -15.939555970000001                                                     
    10.896784520000001       -17.986684100000002                                                     
    26.021364410000000       -15.939555970000001                                                     
    27.865044160000000       -10.334945260000000                                                     
    34.836611030000000       -2.9770605500000000                                                     
    39.870617889999998       0.32851680000000000                                                     
    40.825518969999997        3.2361716199999999                                                     
    38.968704199999998        5.5933016300000000                                                     
    37.039657859999998        8.4600887000000000                                                     
    41.234889010000003        10.114219790000000                                                     
    44.928734689999999        8.9074011100000003                                                     
    45.569912789999997        4.0899253900000003                                                     
    40.825518969999997        3.2361716199999999                                                     


    10.944440519105701       -17.940890100859360                                                     
    4.8727766497041767       -8.8768054790058670                                                     
    17.185753969271477       -10.375589996365790                                                     
    21.045918709251772       -8.4723857145648420                                                     
    27.882670159669235       -10.388201259000612                                                     
    26.405202402796998       -14.743857992438151                                                     
    10.944440519105701       -17.940890100859360                                                     
    26.405202402796998       -14.743857992438151                                                     
    27.882670159669235       -10.388201259000612                                                     
    34.847517029795341       -3.3123325437083748                                                     
    39.877673889867587       0.32497480006646823                                                     
    40.881210968954896        3.0327936238165374                                                     
    38.980982199769592        5.5614376305979514                                                     
    37.065599859513178        8.4398447003798935                                                     
    41.289083008983013        10.071659790798670                                                     
    44.939500689797967        8.8865131103919790                                                     
    45.590660789610645        3.9796613920691852                                                     
    40.881210968954896        3.0327936238165374                                                     
  
    10.992096518211401       -17.895096101718718                                                     
    4.8885406494083536       -8.9297814780117335                                                     
    17.224575968542954       -10.569251992731580                                                     
    21.085790708503545       -8.7620177091296849                                                     
    27.900296159338470       -10.441457258001224                                                     
    26.789040395593997       -13.548160014876302                                                     
    10.992096518211401       -17.895096101718718                                                     
    26.789040395593997       -13.548160014876302                                                     
    27.900296159338470       -10.441457258001224                                                     
    34.858423029590682       -3.6476045374167496                                                     
    39.884729889735176       0.32143280013293646                                                     
    40.936902967909795        2.8294156276330749                                                     
    38.993260199539186        5.5295736311959027                                                     
    37.091541859026357        8.4196007007597871                                                     
    41.343277007966023        10.029099791597339                                                     
    44.950266689595935        8.8656251107839577                                                     
    45.611408789221294        3.8693973941383701                                                     
    40.936902967909795        2.8294156276330749                                                     
  
