   11.260000000000000     
  -37.840000000000003     
   4.8570126499999997     
  -8.8238294800000006     
   34.039999999999999     
   32.710000000000001     
   10.896784520000001     
  -17.986684100000002     
   27.730000000000000     
  -138.33000000000001     
   17.146931970000001     
  -10.181927999999999     
   28.480000000000000     
  -206.88000000000000     
   21.006046710000000     
  -8.1827537199999991     
   274.17000000000002     
   854.07000000000005     
   26.021364410000000     
  -15.939555970000001     
   12.590000000000000     
  -38.039999999999999     
   27.865044160000000     
  -10.334945260000000     
   7.7900000000000000     
  -239.47999999999999     
   34.836611030000000     
  -2.9770605500000000     
   18.530000000000001     
  -14.460000000000001     
   37.039657859999998     
   8.4600887000000000     
   8.7699999999999996     
  -22.760000000000002     
   38.968704199999998     
   5.5933016300000000     
   5.0400000000000000     
  -2.5299999999999998     
   39.870617889999998     
  0.32851680000000000     
   39.780000000000001     
  -145.27000000000001     
   40.825518969999997     
   3.2361716199999999     
   38.710000000000001     
  -30.399999999999999     
   41.234889010000003     
   10.114219790000000     
   7.6900000000000004     
  -14.920000000000000     
   44.928734689999999     
   8.9074011100000003     
   14.820000000000000     
  -78.760000000000005     
   45.569912789999997     
   4.0899253900000003     
