
       HIP     RAdeg                     DEdeg                     pmRA                     pmDE
        1562   4.8570126499999997       -8.8238294800000006        11.260000000000000       -37.840000000000003     
        3419   10.896784520000001       -17.986684100000002        34.039999999999999        32.710000000000001     
        5364   17.146931970000001       -10.181927999999999        27.730000000000000       -138.33000000000001     
        6537   21.006046710000000       -8.1827537199999991        28.480000000000000       -206.88000000000000     
        8102   26.021364410000000       -15.939555970000001        274.17000000000002        854.07000000000005     
        8645   27.865044160000000       -10.334945260000000        12.590000000000000       -38.039999999999999     
       10826   34.836611030000000       -2.9770605500000000        7.7900000000000000       -239.47999999999999     
       11484   37.039657859999998        8.4600887000000000        18.530000000000001       -14.460000000000001     
       12093   38.968704199999998        5.5933016300000000        8.7699999999999996       -22.760000000000002     
       12387   39.870617889999998       0.32851680000000000        5.0400000000000000       -2.5299999999999998     
       12706   40.825518969999997        3.2361716199999999        39.780000000000001       -145.27000000000001     
       12828   41.234889010000003        10.114219790000000        38.710000000000001       -30.399999999999999     
       13954   44.928734689999999        8.9074011100000003        7.6900000000000004       -14.920000000000000     
       14135   45.569912789999997        4.0899253900000003        14.820000000000000       -78.760000000000005     
  
       Число указанных звёзд:   14
       Выбранная эпоха:   10000.000000000000     
       Дискретизация:           2

       Перерасчёт координат на выбранную эпоху:
       (группа строчек -- звезда, строчка -- координаты в определенной эре)

               4.8727766497041767       -8.8768054790058670     
               4.8885406494083536       -8.9297814780117335     
  
               10.944440519105701       -17.940890100859360     
               10.992096518211401       -17.895096101718718     
  
               17.185753969271477       -10.375589996365790     
               17.224575968542954       -10.569251992731580     
  
               21.045918709251772       -8.4723857145648420     
               21.085790708503545       -8.7620177091296849     
  
               26.405202402796998       -14.743857992438151     
               26.789040395593997       -13.548160014876302     
  
               27.882670159669235       -10.388201259000612     
               27.900296159338470       -10.441457258001224     
  
               34.847517029795341       -3.3123325437083748     
               34.858423029590682       -3.6476045374167496     
  
               37.065599859513178        8.4398447003798935     
               37.091541859026357        8.4196007007597871     
  
               38.980982199769592        5.5614376305979514     
               38.993260199539186        5.5295736311959027     
  
               39.877673889867587       0.32497480006646823     
               39.884729889735176       0.32143280013293646     
  
               40.881210968954896        3.0327936238165374     
               40.936902967909795        2.8294156276330749     
  
               41.289083008983013        10.071659790798670     
               41.343277007966023        10.029099791597339     
  
               44.939500689797967        8.8865131103919790     
               44.950266689595935        8.8656251107839577     
  
               45.590660789610645        3.9796613920691852     
               45.611408789221294        3.8693973941383701     
  
