
  Моделирование функции erf(x) по разложению в ряд Маклорена.

  Выбранная относительная погрешность ограничения:   0.1000000E-09

  x               res                      erf(x)                   aer                      rer (%)                  umax                     k
  0.1000000E+00   0.1124629160130695E+00   0.1124629160182849E+00   0.5215439191630367E-11   0.4637474623886161E-08   0.1000000000000000E+00    4
  0.2000000E+00   0.2227025892278872E+00   0.2227025892104785E+00   0.1740868560418107E-10   0.7817010869024046E-08   0.2000000000000000E+00    5
  0.3000000E+00   0.3286267594401194E+00   0.3286267594591274E+00   0.1900801738230484E-10   0.5784074739862729E-08   0.3000000000000000E+00    6
  0.4000000E+00   0.4283923550624164E+00   0.4283923550466684E+00   0.1574795849279553E-10   0.3676059646554611E-08   0.4000000000000000E+00    7
  0.5000000E+00   0.5204998778007921E+00   0.5204998778130465E+00   0.1225441970120755E-10   0.2354355922751840E-08   0.5000000000000000E+00    8
  0.6000000E+00   0.6038560908575833E+00   0.6038560908479259E+00   0.9657386002004387E-11   0.1599286013401575E-08   0.6000000000000000E+00    9
  0.7000000E+00   0.6778011938294721E+00   0.6778011938374185E+00   0.7946421298754558E-11   0.1172382310772476E-08   0.7000000000000001E+00   10
  0.8000000E+00   0.7421009647145749E+00   0.7421009647076605E+00   0.6914357975063012E-11   0.9317273934264214E-09   0.8000000000000000E+00   11
  0.9000000E+00   0.7969082124164378E+00   0.7969082124228322E+00   0.6394329510328589E-11   0.8023922216697921E-09   0.9000000000000000E+00   12
  0.1000000E+01   0.8427007929560061E+00   0.8427007929497149E+00   0.6291189791340912E-11   0.7465508332227613E-09   0.1000000000000000E+01   13
  0.1100000E+01   0.8802050696554863E+00   0.8802050695740817E+00   0.8140454976768297E-10   0.9248361839937303E-08   0.1100000000000000E+01   13
  
