  #  t0=   3.39999999999999999999999999999999992         tn=   3.79999999999999999999999999999999985          n=          10
  ht=   3.99999999999999999999999999999999947E-0002
  #  i            t           fun0                                          fun1
     0      0.3400000E+01     0.11046428681575123581394218915726473E+00     0.11534031953999037333214147982156723E+00
     1      0.3440000E+01     0.10892983438300129126885791116680367E+00     0.11534030166985747610311723158762669E+00
     2      0.3480000E+01     0.10688550460524377691694660485010889E+00     0.11534028793919262847704084091710252E+00
     3      0.3520000E+01     0.10415349992515625676869997873547239E+00     0.11534027742422411255468606934501610E+00
     4      0.3560000E+01     0.10049126809828645244792135838327750E+00     0.11534026939860912571813360113791957E+00
     5      0.3600000E+01     0.95566960300105670096278509253205928E-01     0.11534026329335328630615557881718348E+00
     6      0.3640000E+01     0.88925239458848937379501911301033512E-01     0.11534025866436756431419595316936095E+00
     7      0.3680000E+01     0.79939512271316587973813681506959872E-01     0.11534025516632226868770550533505695E+00
     8      0.3720000E+01     0.67745008460049546802796191895148192E-01     0.11534025253166711324001454966013964E+00
     9      0.3760000E+01     0.51144766337969911703896053742605763E-01     0.11534025055386878447270330187889999E+00
    10      0.3800000E+01     0.28477186154775253010691216580307555E-01     0.11534024907407504664970197147295653E+00
