  0.1003000E+01  0.1009027E+01
  0.1009000E+01  0.1027244E+01
  0.1015000E+01  0.1045678E+01
  0.1021000E+01  0.1064332E+01
  0.1027000E+01  0.1083207E+01
  0.1033000E+01  0.1102303E+01
  0.1039000E+01  0.1121622E+01
  0.1045000E+01  0.1141166E+01
  0.1051000E+01  0.1160936E+01
  0.1057000E+01  0.1180932E+01
  0.1063000E+01  0.1201157E+01
  0.1069000E+01  0.1221612E+01
  0.1075000E+01  0.1242297E+01
  0.1081000E+01  0.1263214E+01
  0.1087000E+01  0.1284366E+01
  0.1093000E+01  0.1305751E+01
  0.1099000E+01  0.1327373E+01
  0.1105000E+01  0.1349233E+01
  0.1111000E+01  0.1371331E+01
  0.1117000E+01  0.1393669E+01
  0.1123000E+01  0.1416248E+01
  0.1129000E+01  0.1439070E+01
  0.1135000E+01  0.1462135E+01
  0.1141000E+01  0.1485446E+01
  0.1147000E+01  0.1509004E+01
  0.1153000E+01  0.1532809E+01
  0.1159000E+01  0.1556863E+01
  0.1165000E+01  0.1581167E+01
  0.1171000E+01  0.1605723E+01
  0.1177000E+01  0.1630532E+01
  0.1183000E+01  0.1655595E+01
  0.1189000E+01  0.1680914E+01
  0.1195000E+01  0.1706490E+01
  0.1201000E+01  0.1732324E+01
  0.1207000E+01  0.1758417E+01
  0.1213000E+01  0.1784771E+01
  0.1219000E+01  0.1811386E+01
  0.1225000E+01  0.1838266E+01
  0.1231000E+01  0.1865409E+01
  0.1237000E+01  0.1892819E+01
  0.1243000E+01  0.1920496E+01
  0.1249000E+01  0.1948441E+01
  0.1255000E+01  0.1976656E+01
  0.1261000E+01  0.2005143E+01
  0.1267000E+01  0.2033901E+01
  0.1273000E+01  0.2062933E+01
  0.1279000E+01  0.2092241E+01
  0.1285000E+01  0.2121824E+01
  0.1291000E+01  0.2151685E+01
  0.1297000E+01  0.2181825E+01
  0.1303000E+01  0.2212245E+01
  0.1309000E+01  0.2242947E+01
  0.1315000E+01  0.2273931E+01
  0.1321000E+01  0.2305199E+01
  0.1327000E+01  0.2336753E+01
  0.1333000E+01  0.2368593E+01
  0.1339000E+01  0.2400721E+01
  0.1345000E+01  0.2433139E+01
  0.1351000E+01  0.2465847E+01
  0.1357000E+01  0.2498846E+01
  0.1363000E+01  0.2532139E+01
  0.1369000E+01  0.2565726E+01
  0.1375000E+01  0.2599609E+01
  0.1381000E+01  0.2633789E+01
  0.1387000E+01  0.2668268E+01
  0.1393000E+01  0.2703045E+01
  0.1399000E+01  0.2738124E+01
  0.1405000E+01  0.2773505E+01
  0.1411000E+01  0.2809190E+01
  0.1417000E+01  0.2845179E+01
  0.1423000E+01  0.2881474E+01
  0.1429000E+01  0.2918077E+01
  0.1435000E+01  0.2954988E+01
  0.1441000E+01  0.2992209E+01
  0.1447000E+01  0.3029742E+01
  0.1453000E+01  0.3067587E+01
  0.1459000E+01  0.3105746E+01
  0.1465000E+01  0.3144220E+01
  0.1471000E+01  0.3183010E+01
  0.1477000E+01  0.3222118E+01
  0.1483000E+01  0.3261546E+01
  0.1489000E+01  0.3301293E+01
  0.1495000E+01  0.3341362E+01
  0.1501000E+01  0.3381755E+01
  0.1507000E+01  0.3422471E+01
  0.1513000E+01  0.3463513E+01
  0.1519000E+01  0.3504881E+01
  0.1525000E+01  0.3546578E+01
  0.1531000E+01  0.3588604E+01
  0.1537000E+01  0.3630961E+01
  0.1543000E+01  0.3673650E+01
  0.1549000E+01  0.3716672E+01
  0.1555000E+01  0.3760029E+01
  0.1561000E+01  0.3803721E+01
  0.1567000E+01  0.3847751E+01
  0.1573000E+01  0.3892120E+01
  0.1579000E+01  0.3936828E+01
  0.1585000E+01  0.3981877E+01
  0.1591000E+01  0.4027268E+01
  0.1597000E+01  0.4073003E+01
  0.1603000E+01  0.4119083E+01
  0.1609000E+01  0.4165510E+01
  0.1615000E+01  0.4212283E+01
  0.1621000E+01  0.4259406E+01
  0.1627000E+01  0.4306879E+01
  0.1633000E+01  0.4354703E+01
  0.1639000E+01  0.4402880E+01
  0.1645000E+01  0.4451411E+01
  0.1651000E+01  0.4500297E+01
  0.1657000E+01  0.4549540E+01
  0.1663000E+01  0.4599141E+01
  0.1669000E+01  0.4649101E+01
  0.1675000E+01  0.4699422E+01
  0.1681000E+01  0.4750104E+01
  0.1687000E+01  0.4801150E+01
  0.1693000E+01  0.4852560E+01
  0.1699000E+01  0.4904335E+01
  0.1705000E+01  0.4956478E+01
  0.1711000E+01  0.5008988E+01
  0.1717000E+01  0.5061869E+01
  0.1723000E+01  0.5115120E+01
  0.1729000E+01  0.5168743E+01
  0.1735000E+01  0.5222740E+01
  0.1741000E+01  0.5277112E+01
  0.1747000E+01  0.5331860E+01
  0.1753000E+01  0.5386985E+01
  0.1759000E+01  0.5442488E+01
  0.1765000E+01  0.5498372E+01
  0.1771000E+01  0.5554637E+01
  0.1777000E+01  0.5611284E+01
  0.1783000E+01  0.5668316E+01
  0.1789000E+01  0.5725732E+01
  0.1795000E+01  0.5783535E+01
  0.1801000E+01  0.5841725E+01
  0.1807000E+01  0.5900305E+01
  0.1813000E+01  0.5959275E+01
  0.1819000E+01  0.6018636E+01
  0.1825000E+01  0.6078391E+01
  0.1831000E+01  0.6138539E+01
  0.1837000E+01  0.6199083E+01
  0.1843000E+01  0.6260024E+01
  0.1849000E+01  0.6321363E+01
  0.1855000E+01  0.6383101E+01
  0.1861000E+01  0.6445240E+01
  0.1867000E+01  0.6507781E+01
  0.1873000E+01  0.6570726E+01
  0.1879000E+01  0.6634074E+01
  0.1885000E+01  0.6697829E+01
  0.1891000E+01  0.6761991E+01
  0.1897000E+01  0.6826561E+01
  0.1903000E+01  0.6891541E+01
  0.1909000E+01  0.6956932E+01
  0.1915000E+01  0.7022736E+01
  0.1921000E+01  0.7088953E+01
  0.1927000E+01  0.7155585E+01
  0.1933000E+01  0.7222633E+01
  0.1939000E+01  0.7290099E+01
  0.1945000E+01  0.7357984E+01
  0.1951000E+01  0.7426288E+01
  0.1957000E+01  0.7495014E+01
  0.1963000E+01  0.7564163E+01
  0.1969000E+01  0.7633736E+01
  0.1975000E+01  0.7703734E+01
  0.1981000E+01  0.7774159E+01
  0.1987000E+01  0.7845012E+01
  0.1993000E+01  0.7916294E+01
  0.1999000E+01  0.7988006E+01
  0.2005000E+01  0.8060150E+01
  0.2011000E+01  0.8132727E+01
  0.2017000E+01  0.8205739E+01
  0.2023000E+01  0.8279186E+01
  0.2029000E+01  0.8353070E+01
  0.2035000E+01  0.8427393E+01
  0.2041000E+01  0.8502155E+01
  0.2047000E+01  0.8577358E+01
  0.2053000E+01  0.8653003E+01
  0.2059000E+01  0.8729091E+01
  0.2065000E+01  0.8805625E+01
  0.2071000E+01  0.8882604E+01
  0.2077000E+01  0.8960031E+01
  0.2083000E+01  0.9037906E+01
  0.2089000E+01  0.9116231E+01
  0.2095000E+01  0.9195007E+01
  0.2101000E+01  0.9274236E+01
  0.2107000E+01  0.9353919E+01
  0.2113000E+01  0.9434057E+01
  0.2119000E+01  0.9514651E+01
  0.2125000E+01  0.9595703E+01
  0.2131000E+01  0.9677214E+01
  0.2137000E+01  0.9759185E+01
  0.2143000E+01  0.9841618E+01
  0.2149000E+01  0.9924514E+01
  0.2155000E+01  0.1000787E+02
  0.2161000E+01  0.1009170E+02
  0.2167000E+01  0.1017599E+02
  0.2173000E+01  0.1026075E+02
  0.2179000E+01  0.1034598E+02
  0.2185000E+01  0.1043168E+02
  0.2191000E+01  0.1051785E+02
  0.2197000E+01  0.1060450E+02
  0.2203000E+01  0.1069162E+02
  0.2209000E+01  0.1077922E+02
  0.2215000E+01  0.1086729E+02
  0.2221000E+01  0.1095584E+02
  0.2227000E+01  0.1104487E+02
  0.2233000E+01  0.1113438E+02
  0.2239000E+01  0.1122438E+02
  0.2245000E+01  0.1131486E+02
  0.2251000E+01  0.1140582E+02
  0.2257000E+01  0.1149727E+02
  0.2263000E+01  0.1158921E+02
  0.2269000E+01  0.1168163E+02
  0.2275000E+01  0.1177455E+02
  0.2281000E+01  0.1186795E+02
  0.2287000E+01  0.1196185E+02
  0.2293000E+01  0.1205625E+02
  0.2299000E+01  0.1215114E+02
  0.2305000E+01  0.1224652E+02
  0.2311000E+01  0.1234241E+02
  0.2317000E+01  0.1243879E+02
  0.2323000E+01  0.1253567E+02
  0.2329000E+01  0.1263306E+02
  0.2335000E+01  0.1273095E+02
  0.2341000E+01  0.1282934E+02
  0.2347000E+01  0.1292824E+02
  0.2353000E+01  0.1302764E+02
  0.2359000E+01  0.1312755E+02
  0.2365000E+01  0.1322798E+02
  0.2371000E+01  0.1332891E+02
  0.2377000E+01  0.1343036E+02
  0.2383000E+01  0.1353232E+02
  0.2389000E+01  0.1363479E+02
  0.2395000E+01  0.1373778E+02
  0.2401000E+01  0.1384129E+02
  0.2407000E+01  0.1394531E+02
  0.2413000E+01  0.1404986E+02
  0.2419000E+01  0.1415493E+02
  0.2425000E+01  0.1426052E+02
  0.2431000E+01  0.1436663E+02
  0.2437000E+01  0.1447327E+02
  0.2443000E+01  0.1458043E+02
  0.2449000E+01  0.1468812E+02
  0.2455000E+01  0.1479635E+02
  0.2461000E+01  0.1490510E+02
  0.2467000E+01  0.1501438E+02
  0.2473000E+01  0.1512420E+02
  0.2479000E+01  0.1523455E+02
  0.2485000E+01  0.1534543E+02
  0.2491000E+01  0.1545686E+02
  0.2497000E+01  0.1556882E+02
  0.2503000E+01  0.1568132E+02
  0.2509000E+01  0.1579436E+02
  0.2515000E+01  0.1590794E+02
  0.2521000E+01  0.1602207E+02
  0.2527000E+01  0.1613674E+02
  0.2533000E+01  0.1625195E+02
  0.2539000E+01  0.1636772E+02
  0.2545000E+01  0.1648403E+02
  0.2551000E+01  0.1660089E+02
  0.2557000E+01  0.1671830E+02
  0.2563000E+01  0.1683627E+02
  0.2569000E+01  0.1695479E+02
  0.2575000E+01  0.1707386E+02
  0.2581000E+01  0.1719349E+02
  0.2587000E+01  0.1731368E+02
  0.2593000E+01  0.1743442E+02
  0.2599000E+01  0.1755573E+02
  0.2605000E+01  0.1767760E+02
  0.2611000E+01  0.1780003E+02
  0.2617000E+01  0.1792302E+02
  0.2623000E+01  0.1804658E+02
  0.2629000E+01  0.1817070E+02
  0.2635000E+01  0.1829540E+02
  0.2641000E+01  0.1842066E+02
  0.2647000E+01  0.1854649E+02
  0.2653000E+01  0.1867290E+02
  0.2659000E+01  0.1879988E+02
  0.2665000E+01  0.1892743E+02
  0.2671000E+01  0.1905556E+02
  0.2677000E+01  0.1918426E+02
  0.2683000E+01  0.1931355E+02
  0.2689000E+01  0.1944341E+02
  0.2695000E+01  0.1957385E+02
  0.2701000E+01  0.1970488E+02
  0.2707000E+01  0.1983649E+02
  0.2713000E+01  0.1996868E+02
  0.2719000E+01  0.2010146E+02
  0.2725000E+01  0.2023483E+02
  0.2731000E+01  0.2036878E+02
  0.2737000E+01  0.2050333E+02
  0.2743000E+01  0.2063847E+02
  0.2749000E+01  0.2077420E+02
  0.2755000E+01  0.2091052E+02
  0.2761000E+01  0.2104744E+02
  0.2767000E+01  0.2118495E+02
  0.2773000E+01  0.2132306E+02
  0.2779000E+01  0.2146178E+02
  0.2785000E+01  0.2160109E+02
  0.2791000E+01  0.2174100E+02
  0.2797000E+01  0.2188152E+02
  0.2803000E+01  0.2202264E+02
  0.2809000E+01  0.2216436E+02
  0.2815000E+01  0.2230669E+02
  0.2821000E+01  0.2244963E+02
  0.2827000E+01  0.2259318E+02
  0.2833000E+01  0.2273734E+02
  0.2839000E+01  0.2288212E+02
  0.2845000E+01  0.2302750E+02
  0.2851000E+01  0.2317350E+02
  0.2857000E+01  0.2332012E+02
  0.2863000E+01  0.2346735E+02
  0.2869000E+01  0.2361520E+02
  0.2875000E+01  0.2376367E+02
  0.2881000E+01  0.2391276E+02
  0.2887000E+01  0.2406248E+02
  0.2893000E+01  0.2421282E+02
  0.2899000E+01  0.2436378E+02
  0.2905000E+01  0.2451537E+02
  0.2911000E+01  0.2466758E+02
  0.2917000E+01  0.2482043E+02
  0.2923000E+01  0.2497390E+02
  0.2929000E+01  0.2512801E+02
  0.2935000E+01  0.2528275E+02
  0.2941000E+01  0.2543812E+02
  0.2947000E+01  0.2559413E+02
  0.2953000E+01  0.2575078E+02
  0.2959000E+01  0.2590806E+02
  0.2965000E+01  0.2606598E+02
  0.2971000E+01  0.2622454E+02
  0.2977000E+01  0.2638375E+02
  0.2983000E+01  0.2654360E+02
  0.2989000E+01  0.2670409E+02
  0.2995000E+01  0.2686522E+02
  0.3001000E+01  0.2702701E+02
  0.3007000E+01  0.2718944E+02
  0.3013000E+01  0.2735252E+02
  0.3019000E+01  0.2751626E+02
  0.3025000E+01  0.2768064E+02
  0.3031000E+01  0.2784568E+02
  0.3037000E+01  0.2801137E+02
  0.3043000E+01  0.2817772E+02
  0.3049000E+01  0.2834473E+02
  0.3055000E+01  0.2851239E+02
  0.3061000E+01  0.2868072E+02
  0.3067000E+01  0.2884970E+02
  0.3073000E+01  0.2901935E+02
  0.3079000E+01  0.2918966E+02
  0.3085000E+01  0.2936064E+02
  0.3091000E+01  0.2953228E+02
  0.3097000E+01  0.2970459E+02
  0.3103000E+01  0.2987757E+02
  0.3109000E+01  0.3005122E+02
  0.3115000E+01  0.3022555E+02
  0.3121000E+01  0.3040054E+02
  0.3127000E+01  0.3057621E+02
  0.3133000E+01  0.3075255E+02
  0.3139000E+01  0.3092957E+02
  0.3145000E+01  0.3110727E+02
  0.3151000E+01  0.3128565E+02
  0.3157000E+01  0.3146471E+02
  0.3163000E+01  0.3164445E+02
  0.3169000E+01  0.3182488E+02
  0.3175000E+01  0.3200598E+02
  0.3181000E+01  0.3218778E+02
  0.3187000E+01  0.3237026E+02
  0.3193000E+01  0.3255343E+02
  0.3199000E+01  0.3273729E+02
  0.3205000E+01  0.3292184E+02
  0.3211000E+01  0.3310708E+02
  0.3217000E+01  0.3329302E+02
  0.3223000E+01  0.3347965E+02
  0.3229000E+01  0.3366698E+02
  0.3235000E+01  0.3385500E+02
  0.3241000E+01  0.3404373E+02
  0.3247000E+01  0.3423315E+02
  0.3253000E+01  0.3442328E+02
  0.3259000E+01  0.3461410E+02
  0.3265000E+01  0.3480563E+02
  0.3271000E+01  0.3499787E+02
  0.3277000E+01  0.3519081E+02
  0.3283000E+01  0.3538447E+02
  0.3289000E+01  0.3557883E+02
  0.3295000E+01  0.3577390E+02
  0.3301000E+01  0.3596968E+02
  0.3307000E+01  0.3616618E+02
  0.3313000E+01  0.3636339E+02
  0.3319000E+01  0.3656131E+02
  0.3325000E+01  0.3675995E+02
  0.3331000E+01  0.3695931E+02
  0.3337000E+01  0.3715939E+02
  0.3343000E+01  0.3736019E+02
  0.3349000E+01  0.3756172E+02
  0.3355000E+01  0.3776396E+02
  0.3361000E+01  0.3796693E+02
  0.3367000E+01  0.3817063E+02
  0.3373000E+01  0.3837506E+02
  0.3379000E+01  0.3858021E+02
  0.3385000E+01  0.3878609E+02
  0.3391000E+01  0.3899271E+02
  0.3397000E+01  0.3920005E+02
  0.3403000E+01  0.3940813E+02
  0.3409000E+01  0.3961695E+02
  0.3415000E+01  0.3982650E+02
  0.3421000E+01  0.4003679E+02
  0.3427000E+01  0.4024782E+02
  0.3433000E+01  0.4045958E+02
  0.3439000E+01  0.4067209E+02
  0.3445000E+01  0.4088535E+02
  0.3451000E+01  0.4109934E+02
  0.3457000E+01  0.4131408E+02
  0.3463000E+01  0.4152957E+02
  0.3469000E+01  0.4174581E+02
  0.3475000E+01  0.4196280E+02
  0.3481000E+01  0.4218053E+02
  0.3487000E+01  0.4239902E+02
  0.3493000E+01  0.4261826E+02
  0.3499000E+01  0.4283826E+02
  0.3505000E+01  0.4305901E+02
  0.3511000E+01  0.4328052E+02
  0.3517000E+01  0.4350279E+02
  0.3523000E+01  0.4372582E+02
  0.3529000E+01  0.4394960E+02
  0.3535000E+01  0.4417416E+02
  0.3541000E+01  0.4439947E+02
  0.3547000E+01  0.4462555E+02
  0.3553000E+01  0.4485239E+02
  0.3559000E+01  0.4508001E+02
  0.3565000E+01  0.4530839E+02
  0.3571000E+01  0.4553754E+02
  0.3577000E+01  0.4576746E+02
  0.3583000E+01  0.4599816E+02
  0.3589000E+01  0.4622963E+02
  0.3595000E+01  0.4646187E+02
  0.3601000E+01  0.4669489E+02
  0.3607000E+01  0.4692869E+02
  0.3613000E+01  0.4716327E+02
  0.3619000E+01  0.4739863E+02
  0.3625000E+01  0.4763477E+02
  0.3631000E+01  0.4787169E+02
  0.3637000E+01  0.4810940E+02
  0.3643000E+01  0.4834789E+02
  0.3649000E+01  0.4858717E+02
  0.3655000E+01  0.4882724E+02
  0.3661000E+01  0.4906809E+02
  0.3667000E+01  0.4930974E+02
  0.3673000E+01  0.4955218E+02
  0.3679000E+01  0.4979542E+02
  0.3685000E+01  0.5003944E+02
  0.3691000E+01  0.5028427E+02
  0.3697000E+01  0.5052989E+02
  0.3703000E+01  0.5077631E+02
  0.3709000E+01  0.5102353E+02
  0.3715000E+01  0.5127155E+02
  0.3721000E+01  0.5152037E+02
  0.3727000E+01  0.5177000E+02
  0.3733000E+01  0.5202043E+02
  0.3739000E+01  0.5227167E+02
  0.3745000E+01  0.5252372E+02
  0.3751000E+01  0.5277657E+02
  0.3757000E+01  0.5303024E+02
  0.3763000E+01  0.5328472E+02
  0.3769000E+01  0.5354001E+02
  0.3775000E+01  0.5379611E+02
  0.3781000E+01  0.5405303E+02
  0.3787000E+01  0.5431076E+02
  0.3793000E+01  0.5456932E+02
  0.3799000E+01  0.5482869E+02
  0.3805000E+01  0.5508889E+02
  0.3811000E+01  0.5534990E+02
  0.3817000E+01  0.5561174E+02
  0.3823000E+01  0.5587440E+02
  0.3829000E+01  0.5613789E+02
  0.3835000E+01  0.5640221E+02
  0.3841000E+01  0.5666735E+02
  0.3847000E+01  0.5693333E+02
  0.3853000E+01  0.5720013E+02
  0.3859000E+01  0.5746777E+02
  0.3865000E+01  0.5773624E+02
  0.3871000E+01  0.5800555E+02
  0.3877000E+01  0.5827569E+02
  0.3883000E+01  0.5854667E+02
  0.3889000E+01  0.5881848E+02
  0.3895000E+01  0.5909114E+02
  0.3901000E+01  0.5936464E+02
  0.3907000E+01  0.5963898E+02
  0.3913000E+01  0.5991417E+02
  0.3919000E+01  0.6019020E+02
  0.3925000E+01  0.6046708E+02
  0.3931000E+01  0.6074480E+02
  0.3937000E+01  0.6102338E+02
  0.3943000E+01  0.6130280E+02
  0.3949000E+01  0.6158308E+02
  0.3955000E+01  0.6186421E+02
  0.3961000E+01  0.6214619E+02
  0.3967000E+01  0.6242903E+02
  0.3973000E+01  0.6271273E+02
  0.3979000E+01  0.6299728E+02
  0.3985000E+01  0.6328270E+02
  0.3991000E+01  0.6356897E+02
  0.3997000E+01  0.6385611E+02
  0.4003000E+01  0.6414411E+02
  0.4009000E+01  0.6443297E+02
  0.4015000E+01  0.6472270E+02
  0.4021000E+01  0.6501330E+02
  0.4027000E+01  0.6530477E+02
  0.4033000E+01  0.6559710E+02
  0.4039000E+01  0.6589031E+02
  0.4045000E+01  0.6618439E+02
  0.4051000E+01  0.6647934E+02
  0.4057000E+01  0.6677517E+02
  0.4063000E+01  0.6707188E+02
  0.4069000E+01  0.6736946E+02
  0.4075000E+01  0.6766792E+02
  0.4081000E+01  0.6796726E+02
  0.4087000E+01  0.6826749E+02
  0.4093000E+01  0.6856859E+02
  0.4099000E+01  0.6887058E+02
  0.4105000E+01  0.6917346E+02
  0.4111000E+01  0.6947722E+02
  0.4117000E+01  0.6978187E+02
  0.4123000E+01  0.7008741E+02
  0.4129000E+01  0.7039384E+02
  0.4135000E+01  0.7070116E+02
  0.4141000E+01  0.7100938E+02
  0.4147000E+01  0.7131848E+02
  0.4153000E+01  0.7162849E+02
  0.4159000E+01  0.7193939E+02
  0.4165000E+01  0.7225119E+02
  0.4171000E+01  0.7256389E+02
  0.4177000E+01  0.7287749E+02
  0.4183000E+01  0.7319200E+02
  0.4189000E+01  0.7350740E+02
  0.4195000E+01  0.7382371E+02
  0.4201000E+01  0.7414093E+02
  0.4207000E+01  0.7445906E+02
  0.4213000E+01  0.7477809E+02
  0.4219000E+01  0.7509804E+02
  0.4225000E+01  0.7541889E+02
  0.4231000E+01  0.7574066E+02
  0.4237000E+01  0.7606334E+02
  0.4243000E+01  0.7638694E+02
  0.4249000E+01  0.7671145E+02
  0.4255000E+01  0.7703688E+02
  0.4261000E+01  0.7736323E+02
  0.4267000E+01  0.7769050E+02
  0.4273000E+01  0.7801869E+02
  0.4279000E+01  0.7834781E+02
  0.4285000E+01  0.7867785E+02
  0.4291000E+01  0.7900881E+02
  0.4297000E+01  0.7934071E+02
  0.4303000E+01  0.7967353E+02
  0.4309000E+01  0.8000728E+02
  0.4315000E+01  0.8034196E+02
  0.4321000E+01  0.8067757E+02
  0.4327000E+01  0.8101411E+02
  0.4333000E+01  0.8135159E+02
  0.4339000E+01  0.8169001E+02
  0.4345000E+01  0.8202936E+02
  0.4351000E+01  0.8236966E+02
  0.4357000E+01  0.8271089E+02
  0.4363000E+01  0.8305306E+02
  0.4369000E+01  0.8339618E+02
  0.4375000E+01  0.8374023E+02
  0.4381000E+01  0.8408524E+02
  0.4387000E+01  0.8443119E+02
  0.4393000E+01  0.8477809E+02
  0.4399000E+01  0.8512593E+02
  0.4405000E+01  0.8547473E+02
  0.4411000E+01  0.8582448E+02
  0.4417000E+01  0.8617518E+02
  0.4423000E+01  0.8652683E+02
  0.4429000E+01  0.8687945E+02
  0.4435000E+01  0.8723301E+02
  0.4441000E+01  0.8758754E+02
  0.4447000E+01  0.8794302E+02
  0.4453000E+01  0.8829947E+02
  0.4459000E+01  0.8865687E+02
  0.4465000E+01  0.8901524E+02
  0.4471000E+01  0.8937458E+02
  0.4477000E+01  0.8973488E+02
  0.4483000E+01  0.9009615E+02
  0.4489000E+01  0.9045838E+02
  0.4495000E+01  0.9082159E+02
  0.4501000E+01  0.9118576E+02
  0.4507000E+01  0.9155091E+02
  0.4513000E+01  0.9191703E+02
  0.4519000E+01  0.9228413E+02
  0.4525000E+01  0.9265220E+02
  0.4531000E+01  0.9302125E+02
  0.4537000E+01  0.9339128E+02
  0.4543000E+01  0.9376229E+02
  0.4549000E+01  0.9413428E+02
  0.4555000E+01  0.9450725E+02
  0.4561000E+01  0.9488121E+02
  0.4567000E+01  0.9525615E+02
  0.4573000E+01  0.9563208E+02
  0.4579000E+01  0.9600900E+02
  0.4585000E+01  0.9638690E+02
  0.4591000E+01  0.9676580E+02
  0.4597000E+01  0.9714568E+02
  0.4603000E+01  0.9752656E+02
  0.4609000E+01  0.9790844E+02
  0.4615000E+01  0.9829131E+02
  0.4621000E+01  0.9867518E+02
  0.4627000E+01  0.9906004E+02
  0.4633000E+01  0.9944590E+02
  0.4639000E+01  0.9983277E+02
  0.4645000E+01  0.1002206E+03
  0.4651000E+01  0.1006095E+03
  0.4657000E+01  0.1009994E+03
  0.4663000E+01  0.1013903E+03
  0.4669000E+01  0.1017822E+03
  0.4675000E+01  0.1021750E+03
  0.4681000E+01  0.1025690E+03
  0.4687000E+01  0.1029639E+03
  0.4693000E+01  0.1033598E+03
  0.4699000E+01  0.1037567E+03
  0.4705000E+01  0.1041547E+03
  0.4711000E+01  0.1045537E+03
  0.4717000E+01  0.1049537E+03
  0.4723000E+01  0.1053547E+03
  0.4729000E+01  0.1057567E+03
  0.4735000E+01  0.1061598E+03
  0.4741000E+01  0.1065638E+03
  0.4747000E+01  0.1069689E+03
  0.4753000E+01  0.1073751E+03
  0.4759000E+01  0.1077822E+03
  0.4765000E+01  0.1081904E+03
  0.4771000E+01  0.1085996E+03
  0.4777000E+01  0.1090098E+03
  0.4783000E+01  0.1094211E+03
  0.4789000E+01  0.1098334E+03
  0.4795000E+01  0.1102468E+03
  0.4801000E+01  0.1106611E+03
  0.4807000E+01  0.1110765E+03
  0.4813000E+01  0.1114930E+03
  0.4819000E+01  0.1119105E+03
  0.4825000E+01  0.1123290E+03
  0.4831000E+01  0.1127486E+03
  0.4837000E+01  0.1131692E+03
  0.4843000E+01  0.1135909E+03
  0.4849000E+01  0.1140136E+03
  0.4855000E+01  0.1144373E+03
  0.4861000E+01  0.1148621E+03
  0.4867000E+01  0.1152880E+03
  0.4873000E+01  0.1157149E+03
  0.4879000E+01  0.1161428E+03
  0.4885000E+01  0.1165719E+03
  0.4891000E+01  0.1170019E+03
  0.4897000E+01  0.1174330E+03
  0.4903000E+01  0.1178652E+03
  0.4909000E+01  0.1182985E+03
  0.4915000E+01  0.1187328E+03
  0.4921000E+01  0.1191681E+03
  0.4927000E+01  0.1196045E+03
  0.4933000E+01  0.1200420E+03
  0.4939000E+01  0.1204806E+03
  0.4945000E+01  0.1209202E+03
  0.4951000E+01  0.1213609E+03
  0.4957000E+01  0.1218027E+03
  0.4963000E+01  0.1222455E+03
  0.4969000E+01  0.1226894E+03
  0.4975000E+01  0.1231344E+03
  0.4981000E+01  0.1235804E+03
  0.4987000E+01  0.1240275E+03
  0.4993000E+01  0.1244757E+03
  0.4999000E+01  0.1249250E+03
  0.5005000E+01  0.1253754E+03
  0.5011000E+01  0.1258268E+03
  0.5017000E+01  0.1262793E+03
  0.5023000E+01  0.1267329E+03
  0.5029000E+01  0.1271876E+03
  0.5035000E+01  0.1276434E+03
  0.5041000E+01  0.1281003E+03
  0.5047000E+01  0.1285582E+03
  0.5053000E+01  0.1290173E+03
  0.5059000E+01  0.1294774E+03
  0.5065000E+01  0.1299386E+03
  0.5071000E+01  0.1304010E+03
  0.5077000E+01  0.1308644E+03
  0.5083000E+01  0.1313289E+03
  0.5089000E+01  0.1317945E+03
  0.5095000E+01  0.1322612E+03
  0.5101000E+01  0.1327290E+03
  0.5107000E+01  0.1331980E+03
  0.5113000E+01  0.1336680E+03
  0.5119000E+01  0.1341391E+03
  0.5125000E+01  0.1346113E+03
  0.5131000E+01  0.1350847E+03
  0.5137000E+01  0.1355591E+03
  0.5143000E+01  0.1360347E+03
  0.5149000E+01  0.1365113E+03
  0.5155000E+01  0.1369891E+03
  0.5161000E+01  0.1374680E+03
  0.5167000E+01  0.1379480E+03
  0.5173000E+01  0.1384291E+03
  0.5179000E+01  0.1389114E+03
  0.5185000E+01  0.1393947E+03
  0.5191000E+01  0.1398792E+03
  0.5197000E+01  0.1403648E+03
  0.5203000E+01  0.1408515E+03
  0.5209000E+01  0.1413393E+03
  0.5215000E+01  0.1418283E+03
  0.5221000E+01  0.1423184E+03
  0.5227000E+01  0.1428096E+03
  0.5233000E+01  0.1433020E+03
  0.5239000E+01  0.1437955E+03
  0.5245000E+01  0.1442901E+03
  0.5251000E+01  0.1447858E+03
  0.5257000E+01  0.1452827E+03
  0.5263000E+01  0.1457807E+03
  0.5269000E+01  0.1462799E+03
  0.5275000E+01  0.1467802E+03
  0.5281000E+01  0.1472816E+03
  0.5287000E+01  0.1477842E+03
  0.5293000E+01  0.1482879E+03
  0.5299000E+01  0.1487927E+03
  0.5305000E+01  0.1492987E+03
  0.5311000E+01  0.1498059E+03
  0.5317000E+01  0.1503142E+03
  0.5323000E+01  0.1508236E+03
  0.5329000E+01  0.1513342E+03
  0.5335000E+01  0.1518460E+03
  0.5341000E+01  0.1523589E+03
  0.5347000E+01  0.1528729E+03
  0.5353000E+01  0.1533881E+03
  0.5359000E+01  0.1539045E+03
  0.5365000E+01  0.1544220E+03
  0.5371000E+01  0.1549407E+03
  0.5377000E+01  0.1554605E+03
  0.5383000E+01  0.1559815E+03
  0.5389000E+01  0.1565037E+03
  0.5395000E+01  0.1570270E+03
  0.5401000E+01  0.1575515E+03
  0.5407000E+01  0.1580772E+03
  0.5413000E+01  0.1586040E+03
  0.5419000E+01  0.1591320E+03
  0.5425000E+01  0.1596611E+03
  0.5431000E+01  0.1601915E+03
  0.5437000E+01  0.1607230E+03
  0.5443000E+01  0.1612557E+03
  0.5449000E+01  0.1617895E+03
  0.5455000E+01  0.1623246E+03
  0.5461000E+01  0.1628608E+03
  0.5467000E+01  0.1633982E+03
  0.5473000E+01  0.1639368E+03
  0.5479000E+01  0.1644765E+03
  0.5485000E+01  0.1650175E+03
  0.5491000E+01  0.1655596E+03
  0.5497000E+01  0.1661029E+03
  0.5503000E+01  0.1666474E+03
  0.5509000E+01  0.1671931E+03
  0.5515000E+01  0.1677400E+03
  0.5521000E+01  0.1682880E+03
  0.5527000E+01  0.1688373E+03
  0.5533000E+01  0.1693878E+03
  0.5539000E+01  0.1699394E+03
  0.5545000E+01  0.1704923E+03
  0.5551000E+01  0.1710463E+03
  0.5557000E+01  0.1716015E+03
  0.5563000E+01  0.1721580E+03
  0.5569000E+01  0.1727156E+03
  0.5575000E+01  0.1732745E+03
  0.5581000E+01  0.1738345E+03
  0.5587000E+01  0.1743958E+03
  0.5593000E+01  0.1749583E+03
  0.5599000E+01  0.1755219E+03
  0.5605000E+01  0.1760868E+03
  0.5611000E+01  0.1766529E+03
  0.5617000E+01  0.1772202E+03
  0.5623000E+01  0.1777887E+03
  0.5629000E+01  0.1783585E+03
  0.5635000E+01  0.1789294E+03
  0.5641000E+01  0.1795016E+03
  0.5647000E+01  0.1800750E+03
  0.5653000E+01  0.1806496E+03
  0.5659000E+01  0.1812254E+03
  0.5665000E+01  0.1818025E+03
  0.5671000E+01  0.1823807E+03
  0.5677000E+01  0.1829602E+03
  0.5683000E+01  0.1835409E+03
  0.5689000E+01  0.1841229E+03
  0.5695000E+01  0.1847061E+03
  0.5701000E+01  0.1852905E+03
  0.5707000E+01  0.1858761E+03
  0.5713000E+01  0.1864630E+03
  0.5719000E+01  0.1870511E+03
  0.5725000E+01  0.1876405E+03
  0.5731000E+01  0.1882310E+03
  0.5737000E+01  0.1888229E+03
  0.5743000E+01  0.1894159E+03
  0.5749000E+01  0.1900102E+03
  0.5755000E+01  0.1906057E+03
  0.5761000E+01  0.1912025E+03
  0.5767000E+01  0.1918006E+03
  0.5773000E+01  0.1923998E+03
  0.5779000E+01  0.1930003E+03
  0.5785000E+01  0.1936021E+03
  0.5791000E+01  0.1942051E+03
  0.5797000E+01  0.1948094E+03
  0.5803000E+01  0.1954149E+03
  0.5809000E+01  0.1960217E+03
  0.5815000E+01  0.1966297E+03
  0.5821000E+01  0.1972390E+03
  0.5827000E+01  0.1978495E+03
  0.5833000E+01  0.1984613E+03
  0.5839000E+01  0.1990744E+03
  0.5845000E+01  0.1996887E+03
  0.5851000E+01  0.2003043E+03
  0.5857000E+01  0.2009212E+03
  0.5863000E+01  0.2015393E+03
  0.5869000E+01  0.2021586E+03
  0.5875000E+01  0.2027793E+03
  0.5881000E+01  0.2034012E+03
  0.5887000E+01  0.2040244E+03
  0.5893000E+01  0.2046489E+03
  0.5899000E+01  0.2052746E+03
  0.5905000E+01  0.2059016E+03
  0.5911000E+01  0.2065299E+03
  0.5917000E+01  0.2071594E+03
  0.5923000E+01  0.2077903E+03
  0.5929000E+01  0.2084224E+03
  0.5935000E+01  0.2090558E+03
  0.5941000E+01  0.2096905E+03
  0.5947000E+01  0.2103264E+03
  0.5953000E+01  0.2109637E+03
  0.5959000E+01  0.2116022E+03
  0.5965000E+01  0.2122420E+03
  0.5971000E+01  0.2128831E+03
  0.5977000E+01  0.2135255E+03
  0.5983000E+01  0.2141692E+03
  0.5989000E+01  0.2148142E+03
  0.5995000E+01  0.2154604E+03
  0.6001000E+01  0.2161080E+03
  0.6007000E+01  0.2167569E+03
  0.6013000E+01  0.2174070E+03
  0.6019000E+01  0.2180585E+03
  0.6025000E+01  0.2187113E+03
  0.6031000E+01  0.2193653E+03
  0.6037000E+01  0.2200207E+03
  0.6043000E+01  0.2206774E+03
  0.6049000E+01  0.2213353E+03
  0.6055000E+01  0.2219946E+03
  0.6061000E+01  0.2226552E+03
  0.6067000E+01  0.2233171E+03
  0.6073000E+01  0.2239803E+03
  0.6079000E+01  0.2246448E+03
  0.6085000E+01  0.2253107E+03
  0.6091000E+01  0.2259778E+03
  0.6097000E+01  0.2266463E+03
  0.6103000E+01  0.2273161E+03
  0.6109000E+01  0.2279872E+03
  0.6115000E+01  0.2286596E+03
  0.6121000E+01  0.2293333E+03
  0.6127000E+01  0.2300084E+03
  0.6133000E+01  0.2306848E+03
  0.6139000E+01  0.2313625E+03
  0.6145000E+01  0.2320415E+03
  0.6151000E+01  0.2327219E+03
  0.6157000E+01  0.2334036E+03
  0.6163000E+01  0.2340866E+03
  0.6169000E+01  0.2347709E+03
  0.6175000E+01  0.2354566E+03
  0.6181000E+01  0.2361436E+03
  0.6187000E+01  0.2368320E+03
  0.6193000E+01  0.2375217E+03
  0.6199000E+01  0.2382127E+03
  0.6205000E+01  0.2389051E+03
  0.6211000E+01  0.2395988E+03
  0.6217000E+01  0.2402938E+03
  0.6223000E+01  0.2409902E+03
  0.6229000E+01  0.2416879E+03
  0.6235000E+01  0.2423870E+03
  0.6241000E+01  0.2430875E+03
  0.6247000E+01  0.2437892E+03
  0.6253000E+01  0.2444924E+03
  0.6259000E+01  0.2451968E+03
  0.6265000E+01  0.2459027E+03
  0.6271000E+01  0.2466098E+03
  0.6277000E+01  0.2473184E+03
  0.6283000E+01  0.2480283E+03
  0.6289000E+01  0.2487395E+03
  0.6295000E+01  0.2494521E+03
  0.6301000E+01  0.2501661E+03
  0.6307000E+01  0.2508814E+03
  0.6313000E+01  0.2515981E+03
  0.6319000E+01  0.2523162E+03
  0.6325000E+01  0.2530356E+03
  0.6331000E+01  0.2537564E+03
  0.6337000E+01  0.2544785E+03
  0.6343000E+01  0.2552020E+03
  0.6349000E+01  0.2559269E+03
  0.6355000E+01  0.2566532E+03
  0.6361000E+01  0.2573808E+03
  0.6367000E+01  0.2581098E+03
  0.6373000E+01  0.2588402E+03
  0.6379000E+01  0.2595720E+03
  0.6385000E+01  0.2603051E+03
  0.6391000E+01  0.2610396E+03
  0.6397000E+01  0.2617755E+03
  0.6403000E+01  0.2625128E+03
  0.6409000E+01  0.2632515E+03
  0.6415000E+01  0.2639915E+03
  0.6421000E+01  0.2647330E+03
  0.6427000E+01  0.2654758E+03
  0.6433000E+01  0.2662200E+03
  0.6439000E+01  0.2669656E+03
  0.6445000E+01  0.2677126E+03
  0.6451000E+01  0.2684610E+03
  0.6457000E+01  0.2692107E+03
  0.6463000E+01  0.2699619E+03
  0.6469000E+01  0.2707145E+03
  0.6475000E+01  0.2714684E+03
  0.6481000E+01  0.2722238E+03
  0.6487000E+01  0.2729805E+03
  0.6493000E+01  0.2737387E+03
  0.6499000E+01  0.2744983E+03
  0.6505000E+01  0.2752592E+03
  0.6511000E+01  0.2760216E+03
  0.6517000E+01  0.2767854E+03
  0.6523000E+01  0.2775506E+03
  0.6529000E+01  0.2783172E+03
  0.6535000E+01  0.2790852E+03
  0.6541000E+01  0.2798546E+03
  0.6547000E+01  0.2806254E+03
  0.6553000E+01  0.2813977E+03
  0.6559000E+01  0.2821713E+03
  0.6565000E+01  0.2829464E+03
  0.6571000E+01  0.2837229E+03
  0.6577000E+01  0.2845008E+03
  0.6583000E+01  0.2852802E+03
  0.6589000E+01  0.2860609E+03
  0.6595000E+01  0.2868431E+03
  0.6601000E+01  0.2876267E+03
  0.6607000E+01  0.2884117E+03
  0.6613000E+01  0.2891982E+03
  0.6619000E+01  0.2899861E+03
  0.6625000E+01  0.2907754E+03
  0.6631000E+01  0.2915661E+03
  0.6637000E+01  0.2923583E+03
  0.6643000E+01  0.2931519E+03
  0.6649000E+01  0.2939470E+03
  0.6655000E+01  0.2947435E+03
  0.6661000E+01  0.2955414E+03
  0.6667000E+01  0.2963407E+03
  0.6673000E+01  0.2971415E+03
  0.6679000E+01  0.2979438E+03
  0.6685000E+01  0.2987475E+03
  0.6691000E+01  0.2995526E+03
  0.6697000E+01  0.3003592E+03
  0.6703000E+01  0.3011672E+03
  0.6709000E+01  0.3019767E+03
  0.6715000E+01  0.3027876E+03
  0.6721000E+01  0.3035999E+03
  0.6727000E+01  0.3044138E+03
  0.6733000E+01  0.3052290E+03
  0.6739000E+01  0.3060458E+03
  0.6745000E+01  0.3068639E+03
  0.6751000E+01  0.3076836E+03
  0.6757000E+01  0.3085047E+03
  0.6763000E+01  0.3093272E+03
  0.6769000E+01  0.3101513E+03
  0.6775000E+01  0.3109767E+03
  0.6781000E+01  0.3118037E+03
  0.6787000E+01  0.3126321E+03
  0.6793000E+01  0.3134620E+03
  0.6799000E+01  0.3142933E+03
  0.6805000E+01  0.3151261E+03
  0.6811000E+01  0.3159604E+03
  0.6817000E+01  0.3167961E+03
  0.6823000E+01  0.3176334E+03
  0.6829000E+01  0.3184721E+03
  0.6835000E+01  0.3193122E+03
  0.6841000E+01  0.3201539E+03
  0.6847000E+01  0.3209970E+03
  0.6853000E+01  0.3218416E+03
  0.6859000E+01  0.3226877E+03
  0.6865000E+01  0.3235353E+03
  0.6871000E+01  0.3243843E+03
  0.6877000E+01  0.3252348E+03
  0.6883000E+01  0.3260869E+03
  0.6889000E+01  0.3269404E+03
  0.6895000E+01  0.3277954E+03
  0.6901000E+01  0.3286519E+03
  0.6907000E+01  0.3295098E+03
  0.6913000E+01  0.3303693E+03
  0.6919000E+01  0.3312302E+03
  0.6925000E+01  0.3320927E+03
  0.6931000E+01  0.3329567E+03
  0.6937000E+01  0.3338221E+03
  0.6943000E+01  0.3346890E+03
  0.6949000E+01  0.3355575E+03
  0.6955000E+01  0.3364274E+03
  0.6961000E+01  0.3372989E+03
  0.6967000E+01  0.3381718E+03
  0.6973000E+01  0.3390463E+03
  0.6979000E+01  0.3399223E+03
  0.6985000E+01  0.3407997E+03
  0.6991000E+01  0.3416787E+03
  0.6997000E+01  0.3425592E+03
