           3           4           5
 Введите номер слоя:
  wrt_page(a):
      1      4      7     10
      2      5      8     11
      3      6      9     12

     10     40     70    100
     20     50     80    110
     30     60     90    120

    100    400    700   1000
    200    500    800   1100
    300    600    900   1200

   1000   4000   7000  10000
   2000   5000   8000  11000
   3000   6000   9000  12000

  10000  40000  70000 100000
  20000  50000  80000 110000
  30000  60000  90000 120000


sxy1(a,3):
    100    400    700   1000
    200    500    800   1100
    300    600    900   1200
  

sxz1(a,3):
      7     70    700   7000  70000
      8     80    800   8000  80000
      9     90    900   9000  90000
  

syz1(a,3):
      3     30    300   3000  30000
      6     60    600   6000  60000
      9     90    900   9000  90000
     12    120   1200  12000 120000
  
