
  Моделирование функции  f(x) = (E_1(x) - E_1(x/2) + ln(2) - x/2 * (1 - 3 * x^2/8)) * 144/(7x^3) по разложению в ряд Маклорена.
  Сравнение с разложением по полиномам Чебышева и приблизительно точными результатами, вычисленными с помощью Wolfram Alpha.

  Выбранный тип вещественных чисел: REAL(16)
  Выбранная относительная погрешность ограничения:   0.1000000E-15

  (прим.: значение ier = 1 означает, что указанная точность не может быть достигнута при данной разновидности REAL)

  x               res                      actual res               aer                      rer (%)                   k  ier  wolfram (≈)
  0.1000000E+01   0.8281547008314124E+00   0.8281547008314124E+00   0.8756213151313099E-17   0.1057316120106840E-14   16   0   0.828154683113098144531250E+00
  0.1100000E+01   0.1164372280059805E+01   0.1164372280059805E+01   0.1825961562102240E-17   0.1568193947393230E-15   17   0   0.116437232494354248046875E+01
  0.1200000E+01   0.1442572788357211E+01   0.1442572788357211E+01   0.8783678677218142E-17   0.6088898077178424E-15   17   0   0.144257283210754394531250E+01
  0.1300000E+01   0.1676226503295511E+01   0.1676226503295511E+01   0.2074038981951639E-17   0.1237326207331775E-15   18   0   0.167622649669647216796875E+01
  0.1400000E+01   0.1874951144589876E+01   0.1874951144589876E+01   0.7713690698026637E-17   0.4114075569533795E-15   18   0   0.187495112419128417968750E+01
  0.1500000E+01   0.2045796267004026E+01   0.2045796267004026E+01   0.1736979539586968E-17   0.8490481518624993E-16   19   0   0.204579615592956542968750E+01
  0.1600000E+01   0.2194045994088995E+01   0.2194045994088995E+01   0.5878936529463824E-17   0.2679495573612557E-15   19   0   0.219404602050781250000000E+01
  0.1700000E+01   0.2323738423717197E+01   0.2323738423717197E+01   0.1854487852642634E-16   0.7980622232325442E-15   19   0   0.232373833656311035156250E+01
  0.1800000E+01   0.2438011889233914E+01   0.2438011889233914E+01   0.4145442693595198E-17   0.1700337357623716E-15   20   0   0.243801188468933105468750E+01
  0.1900000E+01   0.2539341866819973E+01   0.2539341866819973E+01   0.1211188301029327E-16   0.4769693741733572E-15   20   0   0.253934192657470703125000E+01
  0.2000000E+01   0.2629706803386393E+01   0.2629706803386393E+01   0.2673944569625279E-17   0.1016822318815892E-15   21   0   0.262970685958862304687500E+01
  
  x               res                      actual res               aer                      rer (%)                   k  ier  wolfram (≈)
  0.1000000E-03  -0.3856657144866038E+05  -0.3856657144866025E+05   0.1333771568823144E-09   0.3458361785150277E-12    5   0  -0.385665703125000000000000E+05
  0.2000000E-03  -0.1928085718303439E+05  -0.1928085718303435E+05   0.3325990375816474E-10   0.1725022048678980E-12    5   0  -0.192808574218750000000000E+05
  0.3000000E-03  -0.1285228577455058E+05  -0.1285228577455057E+05   0.1474462920822252E-10   0.1147237889575959E-12    5   0  -0.128522861328125000000000E+05
  0.4000000E-03  -0.9638000080351829E+04  -0.9638000080351821E+04   0.8272706443947046E-11   0.8583426411057950E-13    5   0  -0.963800000000000000000000E+04
  0.5000000E-03  -0.7709428671866697E+04  -0.7709428671866692E+04   0.5280981536790165E-11   0.6850029699427099E-13    5   0  -0.770942871093750000000000E+04
  0.6000000E-03  -0.6423714406238044E+04  -0.6423714406238040E+04   0.3657926984417234E-11   0.5694410979518388E-13    5   0  -0.642371435546875000000000E+04
  0.7000000E-03  -0.5505347079384237E+04  -0.5505347079384234E+04   0.2680526627062339E-11   0.4868951200370372E-13    5   0  -0.550534716796875000000000E+04
  0.8000000E-03  -0.4816571589264460E+04  -0.4816571589264457E+04   0.2046966282011958E-11   0.4249840875560518E-13    6   0  -0.481657177734375000000000E+04
  0.9000000E-03  -0.4280857323633814E+04  -0.4280857323633813E+04   0.1613154131899836E-11   0.3768296885284903E-13    6   0  -0.428085742187500000000000E+04
  0.1000000E-02  -0.3852285915145362E+04  -0.3852285915145361E+04   0.1303247358325815E-11   0.3383049407631103E-13    6   0  -0.385228588867187500000000E+04
  0.1100000E-02  -0.3501636584578323E+04  -0.3501636584578322E+04   0.1074244612828228E-11   0.3067835815856351E-13    6   0  -0.350163647460937500000000E+04
  
  x               res                      actual res               aer                      rer (%)                   k  ier  wolfram (≈)
  0.5000000E+02   0.3853142643650286E+01   0.3853142643650286E+01   0.3690023465862581E-16   0.9576659384628507E-15  152   0   0.385314273834228515625000E+01
  0.5100000E+02   0.3853295826959466E+01   0.3853295826959466E+01   0.2543655493037119E-16   0.6601246328507952E-15  155   0   0.385329580307006835937500E+01
  0.5200000E+02   0.3853440378513314E+01   0.3853440378513314E+01   0.5203185230023260E-16   0.1350270075290665E-14  157   0   0.385344028472900390625000E+01
  0.5300000E+02   0.3853576934740952E+01   0.3853576934740952E+01   0.3480476321512700E-16   0.9031807020992219E-15  160   0   0.385357689857482910156250E+01
  0.5400000E+02   0.3853706074489589E+01   0.3853706074489589E+01   0.3656828902645178E-16   0.9489122501719368E-15  163   0   0.385370612144470214843750E+01
  0.5500000E+02   0.3853828325163895E+01   0.3853828325163894E+01   0.1737903515187725E-16   0.4509550941436438E-15  165   0   0.385382843017578125000000E+01
  0.5600000E+02   0.3853944168115174E+01   0.3853944168115174E+01   0.8483056340604516E-16   0.2201136282872846E-14  168   0   0.385394406318664550781250E+01
  0.5700000E+02   0.3854054043383313E+01   0.3854054043383313E+01   0.2023599122457219E-15   0.5250572772666120E-14  171   0   0.385405397415161132812500E+01
  0.5800000E+02   0.3854158353878799E+01   0.3854158353878798E+01   0.4182470563182774E-15   0.1085183892087248E-13  173   0   0.385415840148925781250000E+01
  0.5900000E+02   0.3854257469079115E+01   0.3854257469079118E+01   0.2911627375643926E-14   0.7554314674103985E-13  176   0   0.385425758361816406250000E+01
  0.6000000E+02   0.3854351728302912E+01   0.3854351728302910E+01   0.1498043621625696E-14   0.3886629262776938E-13  179   0   0.385435175895690917968750E+01
  
