  #  t0=   0.0000000000000000        tn=   1.1999999999999999E-006    n=          30
  #  i            t           fun0                                          fun1
     0    0.0000000E+00       0.1241921E+00        0.1241920664889053E+00
     1    0.4000000E-07       0.1241921E+00        0.1241920664889053E+00
     2    0.8000000E-07       0.1241921E+00        0.1241920664889053E+00
     3    0.1200000E-06       0.1241921E+00        0.1241920664889052E+00
     4    0.1600000E-06       0.1241921E+00        0.1241920664889051E+00
     5    0.2000000E-06       0.1241921E+00        0.1241920664889049E+00
     6    0.2400000E-06       0.1241921E+00        0.1241920664889047E+00
     7    0.2800000E-06       0.1241921E+00        0.1241920664889045E+00
     8    0.3200000E-06       0.1241921E+00        0.1241920664889043E+00
     9    0.3600000E-06       0.1241921E+00        0.1241920664889040E+00
    10    0.4000000E-06       0.1241921E+00        0.1241920664889037E+00
    11    0.4400000E-06       0.1241921E+00        0.1241920664889034E+00
    12    0.4800000E-06       0.1241921E+00        0.1241920664889030E+00
    13    0.5200000E-06       0.1241921E+00        0.1241920664889026E+00
    14    0.5600000E-06       0.1241921E+00        0.1241920664889022E+00
    15    0.6000000E-06       0.1241921E+00        0.1241920664889017E+00
    16    0.6400000E-06       0.1241921E+00        0.1241920664889012E+00
    17    0.6800000E-06       0.1241921E+00        0.1241920664889007E+00
    18    0.7200000E-06       0.1241921E+00        0.1241920664889001E+00
    19    0.7600000E-06       0.1241921E+00        0.1241920664888995E+00
    20    0.8000000E-06       0.1241921E+00        0.1241920664888989E+00
    21    0.8400000E-06       0.1241921E+00        0.1241920664888982E+00
    22    0.8800000E-06       0.1241921E+00        0.1241920664888975E+00
    23    0.9200000E-06       0.1241921E+00        0.1241920664888968E+00
    24    0.9600000E-06       0.1241921E+00        0.1241920664888961E+00
    25    0.1000000E-05       0.1241921E+00        0.1241920664888952E+00
    26    0.1040000E-05       0.1241921E+00        0.1241920664888945E+00
    27    0.1080000E-05       0.1241921E+00        0.1241920664888936E+00
    28    0.1120000E-05       0.1241921E+00        0.1241920664888927E+00
    29    0.1160000E-05       0.1241921E+00        0.1241920664888918E+00
    30    0.1200000E-05       0.1241921E+00        0.1241920664888908E+00
  0.11534025374855827     
